121,35
121,34
128,30
110,16
128,28
121,33
128,26
128,25
128,24
140,5
140,4
140,3
140,2
140,1
140,0
139,5
139,4
139,3
139,2
139,1
139,0
138,6
138,5
138,4
138,3
138,2
138,1
138,0
137,7
137,6
137,5
137,4
137,3
137,2
137,1
137,0
136,7
136,6
136,5
136,4
136,3
136,2
136,1
136,0
135,5
135,4
135,3
135,2
135,1
135,0
134,7
134,6
134,5
134,4
134,3
134,2
134,1
134,0
133,3
133,2
133,1
133,0
132,5
132,4
132,3
132,2
132,1
132,0
131,7
131,6
131,5
131,4
131,3
131,2
131,1
131,0
130,3
130,2
130,1
130,0
129,3
129,2
129,1
129,0
128,23
128,22
128,21
128,20
128,19
128,18
128,17
128,15
128,14
128,13
128,12
128,11
128,10
128,9
128,8
128,7
128,6
128,5
128,4
128,3
128,2
128,1
128,0
127,5
127,4
127,3
127,2
127,1
127,0
126,4
126,3
126,2
126,1
126,0
125,4
125,3
125,2
125,1
125,0
124,7
124,6
124,5
124,4
124,3
124,2
124,1
124,0
123,4
123,3
123,2
123,1
123,0
122,5
122,4
122,3
122,2
122,1
122,0
121,32
121,31
121,30
121,29
121,28
121,27
121,26
121,25
121,24
121,23
121,22
121,21
121,20
121,19
121,18
121,17
121,16
121,15
121,14
121,13
121,12
121,11
121,10
121,9
121,8
121,7
121,6
121,5
121,4
121,3
121,2
121,1
121,0
120,3
120,2
120,1
120,0
119,5
119,4
119,3
119,2
119,1
119,0
118,5
118,4
118,3
118,2
118,1
118,0
117,7
117,6
117,5
117,4
117,3
117,2
117,1
117,0
116,4
116,3
116,2
116,1
116,0
115,4
115,3
115,2
115,1
115,0
114,5
114,4
114,3
114,2
114,1
114,0
113,5
113,4
113,3
113,2
113,1
113,0
112,4
112,3
112,2
112,1
112,0
111,5
111,4
111,3
111,2
111,1
111,0
0,56
110,15
110,14
110,13
110,12
110,11
110,10
110,9
110,8
110,7
110,6
110,5
110,4
110,3
110,2
110,1
110,0
109,3
109,2
109,1
109,0
108,10
108,9
108,8
108,7
108,6
108,5
108,4
108,3
108,2
108,1
108,0
107,5
107,4
107,3
107,2
107,1
107,0
106,6
106,5
106,4
106,3
106,2
106,1
106,0
105,6
105,5
105,4
105,3
105,2
105,1
105,0
104,3
104,2
104,1
104,0
103,4
103,3
103,2
103,1
103,0
102,4
102,3
102,2
102,1
102,0
101,6
101,5
101,4
101,3
101,2
101,1
101,0
100,10
100,9
100,8
100,7
100,6
100,5
100,4
100,3
100,2
100,1
100,0
27,2
27,1
27,0
26,5
26,4
26,3
26,2
26,1
26,0
25,2
25,1
25,0
24,2
24,1
24,0
21,6
21,4
21,3
21,2
21,1
21,0
20,2
20,1
20,0
17,11
17,2
17,1
17,0
10,5
10,4
10,3
10,2
10,1
10,0
9,2
9,1
9,0
8,3
8,2
8,1
8,0
7,3
7,2
7,1
7,0
6,6
6,5
6,4
6,3
6,2
6,1
6,0
5,3
5,2
5,1
5,0
4,2
4,1
4,0
0,55
0,9
0,2
0,6
0,0
0,47
0,46
0,49
0,48
0,45
0,12
0,10
0,8
0,11
98,7
98,6
98,5
98,4
98,3
97,32
97,31
97,30
97,29
97,28
97,27
97,26
97,25
97,24
97,23
97,22
97,21
97,20
97,19
97,18
97,17
97,16
97,15
97,14
97,13
97,12
97,11
97,10
97,9
97,8
97,7
97,6
97,5
97,4
97,3
97,2
97,0
95,5
95,4
95,3
93,6
93,5
93,4
93,3
91,4
91,3
89,7
89,6
89,5
89,4
89,3
88,6
88,5
88,4
88,3
87,7
87,6
87,5
87,4
87,3
85,29
85,28
85,26
85,25
85,24
85,23
85,22
85,21
85,20
85,19
85,18
85,17
85,16
85,15
85,14
85,13
85,12
85,11
85,10
85,9
85,8
85,7
85,6
85,5
85,4
85,3
85,2
85,0
78,5
78,4
78,3
75,4
75,3
72,10
72,9
72,8
72,7
27,3
27,4
36,0
36,1
36,3
46,0
46,2
47,1
47,2
47,4
47,5
54,0
54,2
55,0
55,2
55,3
55,5
56,0
56,2
56,4
56,5
57,1
57,2
57,4
58,1
58,2
58,4
66,0
66,2
66,3
68,1
68,3
69,0
69,2
70,0
70,2
72,1
75,0
75,2
78,0
78,2
79,0
79,2
79,4
79,5
84,1
84,2
84,4
84,6
84,7
86,0
86,1
86,3
86,5
86,6
87,0
87,1
88,0
88,1
89,0
89,2
91,0
91,2
92,0
92,2
92,4
92,5
93,0
93,1
95,0
95,1
96,0
96,2
96,3
97,1
98,0
98,2
99,1
99,2
99,4
99,5
99,3
99,0
98,1
96,4
96,1
95,2
93,2
92,6
92,3
92,1
91,1
89,1
88,2
87,2
86,7
86,4
86,2
85,1
84,5
84,3
84,0
79,3
79,1
78,1
75,1
71,1
70,1
69,1
68,2
68,0
66,1
58,3
58,0
57,3
57,0
56,3
56,1
55,4
55,1
54,1
47,6
47,3
47,0
46,1
36,2
27,5
72,6
72,5
72,4
72,3
72,2
72,0
71,16
71,15
71,14
71,13
71,11
71,10
71,9
71,8
71,7
71,6
71,5
71,4
71,3
71,2
71,0
70,3
69,10
69,9
69,8
69,7
69,6
69,5
69,4
69,3
54,5
54,4
54,3
46,5
46,4
46,3
25,3
24,4
24,3
20,4
20,3
17,9
17,6
17,3
9,7
9,6
9,5
9,4
9,3
5,13
5,12
5,10
5,9
5,8
4,3
3,44
3,43
3,42
3,41
3,40
3,39
3,38
3,37
3,36
3,35
3,34
3,33
3,32
3,31
3,30
3,29
3,28
3,27
3,26
3,25
3,24
3,23
3,22
3,21
3,20
3,19
3,18
3,17
3,16
3,15
3,14
3,13
3,12
3,11
3,10
3,9
3,8
3,7
3,6
3,5
3,4
3,3
3,2
3,0
2,44
2,43
2,42
2,41
2,40
2,39
2,38
2,37
2,36
2,35
2,34
2,33
2,32
2,31
2,30
2,29
2,28
2,27
2,26
2,25
2,24
2,23
2,22
2,21
2,20
2,19
2,18
2,17
2,16
2,15
2,14
2,13
2,12
2,11
2,10
2,9
2,8
2,7
2,6
2,5
2,4
2,3
2,2
2,0
1,45
1,44
1,43
1,42
1,41
1,40
1,39
1,38
1,37
1,36
1,35
1,34
1,33
1,32
1,31
1,30
1,29
1,28
1,27
1,26
1,25
1,24
1,23
1,22
1,21
1,20
1,19
1,18
1,17
1,16
1,15
1,14
1,13
1,12
1,11
1,10
1,9
1,8
1,7
1,6
1,5
1,4
1,3
1,2
1,0
0,5
0,7
0,4
0,3
